0.000000 0.000000
7.812500 0.000000
15.625000 0.000000
23.437500 0.000000
31.250000 0.000000
39.062500 0.000000
46.875000 0.000000
54.687500 0.000000
62.500000 0.000000
70.312500 0.000000
78.125000 0.000000
85.937500 0.000000
93.750000 0.000000
101.562500 0.000000
109.375000 0.000000
117.187500 0.000000
125.000000 0.000000
132.812500 0.000000
140.625000 0.000000
148.437500 0.000000
156.250000 0.000000
164.062500 0.000000
171.875000 0.000000
179.687500 0.000000
187.500000 0.000000
195.312500 0.000000
203.125000 1.#INF00
210.937500 1.#INF00
218.750000 112624326934528.000000
226.562500 1.#INF00
234.375000 1.#INF00
242.187500 1.#INF00
250.000000 1.#INF00
257.812500 1.#INF00
265.625000 1.#INF00
273.437500 1.#INF00
281.250000 327975413219328.000000
289.062500 1.#INF00
296.875000 1.#INF00
304.687500 1.#INF00
312.500000 1.#INF00
320.312500 1.#INF00
328.125000 1.#INF00
335.937500 1.#INF00
343.750000 546107172061184.000000
351.562500 1.#INF00
359.375000 1.#INF00
367.187500 1.#INF00
375.000000 1.#INF00
382.812500 1.#INF00
390.625000 1.#INF00
398.437500 1.#INF00
406.250000 762820014637056.000000
414.062500 1.#INF00
421.875000 1.#INF00
429.687500 1.#INF00
437.500000 1.#INF00
445.312500 1.#INF00
453.125000 1.#INF00
460.937500 1.#INF00
468.750000 312059740815360.000000
476.562500 1.#INF00
484.375000 1.#INF00
492.187500 1.#INF00
