.05 409.00
0.05 409.00
0.05 409.00
0.05 409.00
0.05 409.00
0.06 409.00
0.06 409.00
0.06 409.00
0.06 409.00
0.06 409.00
0.06 409.00
0.06 429.00
0.06 429.00
0.06 429.00
0.07 511.00
0.07 511.00
0.07 511.00
0.07 511.00
0.07 511.00
0.07 511.00
0.07 511.00
0.07 511.00
0.07 511.00
0.07 450.00
0.08 450.00
0.08 347.00
0.08 347.00
0.08 347.00
0.08 265.00
0.08 265.00
0.08 225.00
0.08 225.00
0.08 225.00
0.08 184.00
0.09 184.00
0.09 184.00
0.09 184.00
0.09 184.00
0.09 184.00
0.09 265.00
0.09 265.00
0.09 265.00
0.09 409.00
0.09 409.00
0.10 409.00
0.10 450.00
0.10 450.00
0.10 450.00
0.10 450.00
0.10 450.00
0.10 347.00
0.10 347.00
0.10 347.00
0.10 245.00
0.11 245.00
0.11 204.00
0.11 204.00
0.11 204.00
0.11 204.00
0.11 204.00
0.11 225.00
0.11 225.00
0.11 225.00
0.11 306.00
0.12 306.00
0.12 306.00
0.12 409.00
0.12 409.00
0.12 409.00
0.12 409.00
0.12 409.00
0.12 409.00
0.12 409.00
0.12 409.00
0.12 347.00
0.13 347.00
0.13 265.00