0.050000 409.000000
0.050000 409.000000
0.050000 409.000000
0.050000 409.000000
0.050000 409.000000
0.060000 409.000000
0.060000 409.000000
0.060000 409.000000
0.060000 409.000000
0.060000 409.000000
0.060000 409.000000
0.060000 429.000000
0.060000 429.000000
0.060000 429.000000
0.070000 511.000000
0.070000 511.000000
0.070000 511.000000
0.070000 511.000000
0.070000 511.000000
0.070000 511.000000
0.070000 511.000000
0.070000 511.000000
0.070000 511.000000
0.070000 450.000000
0.080000 450.000000
0.080000 347.000000
0.080000 347.000000
0.080000 347.000000
0.080000 265.000000
0.080000 265.000000
0.080000 225.000000
0.080000 225.000000
0.080000 225.000000
0.080000 184.000000
0.090000 184.000000
0.090000 184.000000
0.090000 184.000000
0.090000 184.000000
0.090000 184.000000
0.090000 265.000000
0.090000 265.000000
0.090000 265.000000
0.090000 409.000000
0.090000 409.000000
0.100000 409.000000
0.100000 450.000000
0.100000 450.000000
0.100000 450.000000
0.100000 450.000000
0.100000 450.000000
0.100000 347.000000
0.100000 347.000000
0.100000 347.000000
0.100000 245.000000
0.110000 245.000000
0.110000 204.000000
0.110000 204.000000
0.110000 204.000000
0.110000 204.000000
0.110000 204.000000
0.110000 225.000000
0.110000 225.000000
0.110000 225.000000
0.110000 306.000000
0.120000 306.000000
0.120000 306.000000
0.120000 409.000000
0.120000 409.000000
0.120000 409.000000
0.120000 409.000000
0.120000 409.000000
0.120000 409.000000
0.120000 409.000000
0.120000 409.000000
0.120000 347.000000
0.130000 347.000000
0.130000 265.000000
0.000000 0.000000
0.000000 0.000000
0.000000 0.000000
0.000000 0.000000
0.000000 0.000000
0.000000 0.000000
0.000000 0.000000
0.000000 0.000000
0.000000 0.000000
0.000000 -84660970371682402000.000000
0.000000 0.000000
0.000000 0.000000
0.000000 0.000000
0.000000 0.000000
0.000000 0.000000
0.000000 0.000000
0.000000 0.000000
0.000000 0.000000
0.000000 0.000000
0.000000 0.000000
0.000000 0.000000
0.000000 0.000000
58.000000 0.000000
0.000000 0.000000
0.000000 0.000000
0.000000 -84660970371682402000.000000
0.000000 0.000000
0.000000 0.000000
0.000000 0.000000
0.000000 0.000000
0.000000 0.000000
0.000000 0.000000
0.000000 0.000000
0.000000 0.000000
0.000000 0.000000
0.000000 0.000000
0.000000 0.000000
0.000000 0.000000
0.000000 0.000000
0.000000 0.000000
0.000000 0.000000
0.000000 0.000000
0.000000 0.000000
0.000000 0.000000
0.000000 0.000000
0.000000 0.000000
0.000000 0.000000
0.000000 0.000000
0.000000 0.000000
0.000000 0.000000
0.000000 0.000000
